16:48:38.146 1500,1030536120,( OK ),<99:data> 0 0 28 0 0 0 
16:48:38.166 1536,1053441320,( OK ),<99:data> 0 0 28 0 0 0 
16:48:38.194 1569,1073350720,( OK ),<99:data> 0 0 28 0 0 0 
16:48:38.220 1601,1101348720,( OK ),<99:data> 0 0 28 0 0 0 
16:48:38.244 1637,1127350120,( OK ),<99:data> 0 0 28 0 0 0 
16:48:38.263 1673,1151349520,( OK ),<99:data> 0 0 28 0 0 0 
16:48:38.275 1713,1171350520,( OK ),<99:data> 0 0 28 0 0 0 
16:48:38.323 1752,1201350720,( OK ),<99:data> 0 0 28 0 0 0 
16:48:38.346 1794,1230530720,( OK ),<99:data> 0 0 28 0 0 0 
16:48:38.366 1830,1253417320,( OK ),<99:data> 0 0 28 0 0 0 
16:48:38.394 1863,1273349120,( OK ),<99:data> 0 0 28 0 0 0 
16:48:38.423 1896,1301348920,( OK ),<99:data> 0 0 28 0 0 0 
16:48:38.445 1936,1329815520,( OK ),<99:data> 0 0 28 0 0 0 
16:48:38.466 1971,1352472920,( OK ),<99:data> 0 0 28 0 0 0 
16:48:38.494 2007,1373350320,( OK ),<99:data> 0 0 28 0 0 0 
16:48:38.521 2041,1401349920,( OK ),<99:data> 0 0 28 0 0 0 
16:48:38.546 2077,1428351920,( OK ),<99:data> 0 0 28 0 0 0 
16:48:38.563 2120,1453396720,( OK ),<99:data> 0 0 28 0 0 0 
16:48:38.621 2188,1500360920,( OK ),<99:data> 0 0 28 0 0 0 
16:48:38.646 2229,1529796700,( OK ),<99:data> 0 0 28 0 0 0 
16:48:38.666 2268,1553382520,( OK ),<99:data> 0 0 28 0 0 0 
16:48:38.674 2300,1573351320,( OK ),<99:data> 0 0 28 0 0 0 
16:48:38.723 2335,1601350120,( OK ),<99:data> 0 0 28 0 0 0 
16:48:38.746 2377,1630490720,( OK ),<99:data> 0 0 28 0 0 0 
16:48:38.766 2413,1653364520,( OK ),<99:data> 0 0 28 0 0 0 
16:48:38.794 2446,1673349920,( OK ),<99:data> 0 0 28 0 0 0 
16:48:38.819 2478,1701348520,( OK ),<99:data> 0 0 28 0 0 0 
16:48:38.844 2514,1726349320,( OK ),<99:data> 0 0 28 0 0 0 
16:48:38.862 2550,1751350520,( OK ),<99:data> 0 0 28 0 0 0 
16:48:38.889 2590,1771349520,( OK ),<99:data> 0 0 28 0 0 0 
16:48:38.893 2625,1796350120,( OK ),<99:data> 0 0 28 0 0 0 
16:48:38.946 2671,1830465720,( OK ),<99:data> 0 0 28 0 0 0 
16:48:38.966 2708,1853563520,( OK ),<99:data> 0 0 28 0 0 0 
16:48:38.994 2740,1873350320,( OK ),<99:data> 0 0 28 0 0 0 
16:48:39.023 2773,1901350120,( OK ),<99:data> 0 0 28 0 0 0 
16:48:39.045 2813,1929775920,( OK ),<99:data> 0 0 28 0 0 0 
16:48:39.066 2848,1952408920,( OK ),<99:data> 0 0 28 0 0 0 
16:48:39.094 2884,1973350520,( OK ),<99:data> 0 0 28 0 0 0 
16:48:39.123 2918,2001349920,( OK ),<99:data> 0 0 28 0 0 0 
16:48:39.145 2958,2029751920,( OK ),<99:data> 0 0 28 0 0 0 
16:48:39.163 2993,2052402720,( OK ),<99:data> 0 0 28 0 0 0 
16:48:39.193 3034,2072383520,( OK ),<99:data> 0 0 28 0 0 0 
16:48:39.221 3066,2100358320,( OK ),<99:data> 0 0 28 0 0 0 
16:48:39.245 3107,2129752120,( OK ),<99:data> 0 0 28 0 0 0 
16:48:39.266 3142,2152382920,( OK ),<99:data> 0 0 28 0 0 0 
16:48:39.294 3178,2173350320,( OK ),<99:data> 0 0 28 0 0 0 
16:48:39.323 3213,2201350920,( OK ),<99:data> 0 0 28 0 0 0 
16:48:39.347 3255,2230493320,( OK ),<99:data> 0 0 28 0 0 0 
16:48:39.366 3292,2253524520,( OK ),<99:data> 0 0 28 0 0 0 

